[gd_scene format=2]

[node name="Skeleton" type="Skeleton"]
bones/0/name = "DEF-spine"
bones/0/parent = -1
bones/0/rest = Transform( 0.798362, -0.0547403, 0.599683, -1.21072e-07, 0.995858, 0.090904, -0.602177, -0.0725744, 0.795056, 0.00926443, 1.04406, -0.0723745 )
bones/0/enabled = true
bones/0/bound_children = [  ]
bones/1/name = "DEF-spine.001"
bones/1/parent = 0
bones/1/rest = Transform( 1, -1.31344e-07, 5.95455e-08, 1.35626e-07, 0.996892, -0.0787783, -4.90134e-08, 0.0787783, 0.996892, -4.66508e-15, 0.338488, -1.73846e-09 )
bones/1/enabled = true
bones/1/bound_children = [  ]
bones/2/name = "DEF-spine.002"
bones/2/parent = 1
bones/2/rest = Transform( 1, -5.53946e-08, 8.9009e-08, 5.55236e-08, 0.999999, -0.00145066, -8.89286e-08, 0.00145066, 0.999999, -1.19515e-15, 0.251272, 5.18788e-10 )
bones/2/enabled = true
bones/2/bound_children = [  ]
bones/3/name = "DEF-spine.003"
bones/3/parent = 2
bones/3/rest = Transform( 1, 6.21168e-08, -5.99146e-08, -6.36634e-08, 0.999657, -0.0261677, 5.82687e-08, 0.0261677, 0.999657, -3.72529e-09, 0.268559, 1.61529e-08 )
bones/3/enabled = true
bones/3/bound_children = [  ]
bones/4/name = "DEF-spine.004"
bones/4/parent = 3
bones/4/rest = Transform( 0.820915, 1.10827e-07, -0.571051, 0.00882331, 0.99988, 0.0126841, 0.570984, -0.0154511, 0.820816, -3.72529e-09, 0.177441, 1.1257e-08 )
bones/4/enabled = true
bones/4/bound_children = [  ]
bones/5/name = "DEF-neck"
bones/5/parent = 4
bones/5/rest = Transform( 0.954181, -6.6482e-09, -0.299233, -2.66426e-08, 1, -1.07174e-07, 0.299233, 1.10236e-07, 0.95418, -1.39698e-09, 0.118155, -9.00345e-09 )
bones/5/enabled = true
bones/5/bound_children = [  ]
bones/6/name = "DEF-head"
bones/6/parent = 5
bones/6/rest = Transform( 0.954181, 0.00176589, 0.299227, -2.39234e-08, 0.999983, -0.00590131, -0.299232, 0.00563091, 0.954164, -2.0471e-15, 0.0685463, 2.06906e-09 )
bones/6/enabled = true
bones/6/bound_children = [  ]
bones/7/name = "DEF-pelvis.L"
bones/7/parent = -1
bones/7/rest = Transform( 0.151004, 0.842732, -0.516719, -0.29184, 0.537419, 0.791207, 0.944472, 0.0313236, 0.327096, 0.00926406, 1.04406, -0.0723745 )
bones/7/enabled = true
bones/7/bound_children = [  ]
bones/8/name = "DEF-pelvis.R"
bones/8/parent = -1
bones/8/rest = Transform( -0.866629, -0.201435, 0.456484, 0.291841, 0.53742, 0.791207, -0.404701, 0.818903, -0.406956, 0.00926438, 1.04406, -0.0723746 )
bones/8/enabled = true
bones/8/bound_children = [  ]
bones/9/name = "DEF-thigh.L"
bones/9/parent = -1
bones/9/rest = Transform( 0.804647, -0.0576974, -0.590943, 0.175583, -0.927632, 0.32965, -0.567198, -0.369012, -0.736286, 0.208296, 1.19843, -0.195537 )
bones/9/enabled = true
bones/9/bound_children = [  ]
bones/10/name = "DEF-thigh.L.001"
bones/10/parent = 9
bones/10/rest = Transform( 0.999999, 5.21838e-08, 0.000787332, -5.21383e-08, 1, -5.77626e-08, -0.000787331, 5.77215e-08, 0.999999, 3.306e-08, 0.339678, 2.79523e-08 )
bones/10/enabled = true
bones/10/bound_children = [  ]
bones/11/name = "DEF-shin.L"
bones/11/parent = 10
bones/11/rest = Transform( 1, -6.94928e-09, 0.000962787, 6.86677e-09, 1, 8.56905e-08, -0.000962787, -8.56839e-08, 1, 3.25779e-08, 0.339678, -2.89272e-08 )
bones/11/enabled = true
bones/11/bound_children = [  ]
bones/12/name = "DEF-shin.L.001"
bones/12/parent = 11
bones/12/rest = Transform( 0.9863, -4.81976e-08, 0.164962, 2.12675e-08, 1, 1.65016e-07, -0.164962, -1.59247e-07, 0.9863, -1.07443e-08, 0.227728, 5.44911e-08 )
bones/12/enabled = true
bones/12/bound_children = [  ]
bones/13/name = "DEF-foot.L"
bones/13/parent = 12
bones/13/rest = Transform( 0.969231, -0.24613, 0.00324628, 0.0301686, 0.131869, 0.990807, -0.244295, -0.960225, 0.135236, -3.66083e-08, 0.227728, 1.36594e-09 )
bones/13/enabled = true
bones/13/bound_children = [  ]
bones/14/name = "DEF-toe.L"
bones/14/parent = 13
bones/14/rest = Transform( -1, 5.56268e-07, 9.3571e-07, 2.43838e-08, 0.870807, -0.491625, -1.0883e-06, -0.491625, -0.870807, -4.97265e-08, 0.305803, -1.29699e-08 )
bones/14/enabled = true
bones/14/bound_children = [  ]
bones/15/name = "DEF-thigh.R"
bones/15/parent = -1
bones/15/rest = Transform( 0.802721, 0.0550933, -0.593805, -0.200224, -0.913025, -0.355379, -0.561738, 0.404165, -0.721874, -0.163845, 1.19843, 0.0851556 )
bones/15/enabled = true
bones/15/bound_children = [  ]
bones/16/name = "DEF-thigh.R.001"
bones/16/parent = 15
bones/16/rest = Transform( 0.999999, 4.43811e-09, -0.000907652, -4.46349e-09, 1, -2.79635e-08, 0.000907651, 2.79675e-08, 0.999999, 4.66302e-08, 0.340413, 2.61757e-08 )
bones/16/enabled = true
bones/16/bound_children = [  ]
bones/17/name = "DEF-shin.R"
bones/17/parent = 16
bones/17/rest = Transform( 1, -4.13194e-09, -0.000732884, 4.11012e-09, 1, -2.97827e-08, 0.000732884, 2.97796e-08, 1, -7.58096e-08, 0.340413, -1.99694e-08 )
bones/17/enabled = true
bones/17/bound_children = [  ]
bones/18/name = "DEF-shin.R.001"
bones/18/parent = 17
bones/18/rest = Transform( 0.978448, 6.51013e-09, 0.206491, -2.96879e-08, 1, 1.09147e-07, -0.206491, -1.12925e-07, 0.978448, 3.79409e-08, 0.228464, -2.89149e-08 )
bones/18/enabled = true
bones/18/bound_children = [  ]
bones/19/name = "DEF-foot.R"
bones/19/parent = 18
bones/19/rest = Transform( 0.978233, -0.0848754, 0.189354, -0.0457573, 0.801828, 0.5958, -0.202398, -0.591495, 0.780492, -3.41871e-08, 0.228464, 6.85418e-09 )
bones/19/enabled = true
bones/19/bound_children = [  ]
bones/20/name = "DEF-toe.R"
bones/20/parent = 19
bones/20/rest = Transform( -1, -5.86072e-07, -9.54481e-07, -4.11085e-08, 0.870807, -0.491625, 1.1193e-06, -0.491625, -0.870807, 4.97263e-08, 0.305803, 6.23451e-08 )
bones/20/enabled = true
bones/20/bound_children = [  ]
bones/21/name = "DEF-shoulder.L"
bones/21/parent = -1
bones/21/rest = Transform( 0.602177, 0.798363, 0, 0, 0, 1, 0.798363, -0.602177, 0, 0.058503, 2.07452, -0.105365 )
bones/21/enabled = true
bones/21/bound_children = [  ]
bones/22/name = "DEF-upper_arm.L"
bones/22/parent = -1
bones/22/rest = Transform( 0.739144, 0.574959, -0.35084, 0.0527157, 0.469904, 0.881142, 0.671482, -0.669786, 0.317017, 0.235604, 1.98857, -0.236093 )
bones/22/enabled = true
bones/22/bound_children = [  ]
bones/23/name = "DEF-upper_arm.L.001"
bones/23/parent = 22
bones/23/rest = Transform( 0.999858, -2.09471e-07, -0.0168187, 2.24289e-07, 1, 8.79161e-07, 0.0168187, -8.82809e-07, 0.999858, -4.64367e-08, 0.241177, 1.05305e-07 )
bones/23/enabled = true
bones/23/bound_children = [  ]
bones/24/name = "DEF-forearm.L"
bones/24/parent = 23
bones/24/rest = Transform( 0.999842, -0.0112978, -0.0137592, -0.000349947, 0.760227, -0.649658, 0.0177999, 0.64956, 0.760102, 1.529e-07, 0.241175, -3.60786e-07 )
bones/24/enabled = true
bones/24/bound_children = [  ]
bones/25/name = "DEF-forearm.L.001"
bones/25/parent = 24
bones/25/rest = Transform( 0.999976, -3.40311e-08, -0.00673315, 3.37743e-08, 0.999999, -3.82553e-08, 0.00673315, 3.8027e-08, 0.999977, 5.09191e-10, 0.237317, -7.99507e-08 )
bones/25/enabled = true
bones/25/bound_children = [  ]
bones/26/name = "DEF-hand.L"
bones/26/parent = 25
bones/26/rest = Transform( 0.997115, 0.0730632, -0.0206102, -0.0755497, 0.92846, -0.363664, -0.00743474, 0.364172, 0.931302, -5.15321e-08, 0.237311, -1.41575e-07 )
bones/26/enabled = true
bones/26/bound_children = [  ]
bones/27/name = "DEF-shoulder.R"
bones/27/parent = -1
bones/27/rest = Transform( -0.602177, -0.798363, -5.96046e-08, 5.96047e-08, -1.19209e-07, 1, -0.798363, 0.602177, 5.96046e-08, -0.0359855, 2.07452, -0.0340958 )
bones/27/enabled = true
bones/27/bound_children = [  ]
bones/28/name = "DEF-upper_arm.R"
bones/28/parent = -1
bones/28/rest = Transform( -0.611349, -0.735299, 0.292556, -0.00414801, 0.372659, 0.92796, -0.791351, 0.566093, -0.230875, -0.210343, 1.98857, 0.100269 )
bones/28/enabled = true
bones/28/bound_children = [  ]
bones/29/name = "DEF-upper_arm.R.001"
bones/29/parent = 28
bones/29/rest = Transform( 1, -1.43976e-07, -0.000863226, 1.44763e-07, 1, 9.11709e-07, 0.000863226, -9.11834e-07, 0.999999, -3.87007e-09, 0.240164, -1.33464e-07 )
bones/29/enabled = true
bones/29/bound_children = [  ]
bones/30/name = "DEF-forearm.R"
bones/30/parent = 29
bones/30/rest = Transform( 0.999999, -0.00102624, -0.000498605, 0.000349859, 0.691762, -0.722125, 0.00108599, 0.722124, 0.691761, -1.08059e-07, 0.240161, 2.25612e-07 )
bones/30/enabled = true
bones/30/bound_children = [  ]
bones/31/name = "DEF-forearm.R.001"
bones/31/parent = 30
bones/31/rest = Transform( 0.998669, -1.64721e-07, -0.0515713, 1.55008e-07, 1, -1.92358e-07, 0.0515713, 1.84108e-07, 0.998669, 7.16915e-09, 0.236286, -9.50621e-08 )
bones/31/enabled = true
bones/31/bound_children = [  ]
bones/32/name = "DEF-hand.R"
bones/32/parent = 31
bones/32/rest = Transform( 0.997873, 0.0292802, -0.0582332, -0.0489437, 0.926632, -0.372772, 0.0430459, 0.374829, 0.926094, 1.31849e-09, 0.236281, -1.50461e-07 )
bones/32/enabled = true
bones/32/bound_children = [  ]
