[gd_resource type="Skin" format=2]

[resource]
resource_name = "Skin"
bind_count = 33
bind/0/name = "DEF-spine"
bind/0/bone = -1
bind/0/pose = Transform( 1, -2.16733e-08, -2.37432e-07, 2.4869e-14, 0.99586, -0.090904, 2.38419e-07, 0.0909041, 0.99586, 6.18066e-09, -1.04603, -0.0259234 )
bind/1/name = "DEF-spine.001"
bind/1/bone = -1
bind/1/pose = Transform( 1, -2.90145e-09, -2.38401e-07, 2.24265e-14, 0.999926, -0.0121695, 2.38419e-07, 0.0121695, 0.999926, -1.98429e-08, -1.38226, 0.0832271 )
bind/2/name = "DEF-spine.002"
bind/2/bone = -1
bind/2/pose = Transform( 1, -2.55561e-09, -2.38405e-07, 1.90958e-14, 0.999943, -0.0107189, 2.38419e-07, 0.010719, 0.999943, -2.04078e-08, -1.63341, 0.0855966 )
bind/3/name = "DEF-spine.003"
bind/3/bone = -1
bind/3/pose = Transform( 1, 3.68382e-09, -2.3839e-07, 6.88338e-15, 0.999881, 0.0154511, 2.38419e-07, -0.015451, 0.999881, -3.22671e-08, -1.89907, 0.135338 )
bind/4/name = "DEF-spine.004"
bind/4/bone = -1
bind/4/pose = Transform( 1, -8.14903e-14, -4.76837e-07, 3.59712e-14, 1, -6.98492e-08, 4.76837e-07, 1.24797e-07, 1, -4.92271e-08, -2.07836, 0.103237 )
bind/5/name = "DEF-neck"
bind/5/bone = -1
bind/5/pose = Transform( 1, -7.19269e-14, -2.38418e-07, 3.4086e-14, 1, -1.62442e-07, 2.38418e-07, 2.1739e-07, 1, -2.46135e-08, -2.19651, 0.103237 )
bind/6/name = "DEF-head"
bind/6/bone = -1
bind/6/pose = Transform( 1, -5.35718e-14, -5.54549e-13, 7.11359e-14, 0.999983, 0.0059013, 5.96447e-13, -0.00590125, 0.999983, 5.74294e-14, -2.26441, 0.116602 )
bind/7/name = "DEF-pelvis.L"
bind/7/bone = -1
bind/7/pose = Transform( -0.448183, -0.291841, 0.844962, 0.653944, 0.537419, 0.532482, -0.609499, 0.791207, -0.0500146, 0.363231, -0.52421, -0.82953 )
bind/8/name = "DEF-pelvis.R"
bind/8/bone = -1
bind/8/pose = Transform( -0.448182, 0.291842, -0.844962, -0.653944, 0.537419, 0.532482, 0.6095, 0.791207, -0.0500136, -0.363232, -0.52421, -0.82953 )
bind/9/name = "DEF-thigh.L"
bind/9/bone = -1
bind/9/pose = Transform( 1, 3.62078e-06, -0.000175078, 0, -0.999786, -0.0206765, -0.000175116, 0.0206765, -0.999786, -0.233078, 1.19719, -0.0724772 )
bind/10/name = "DEF-thigh.L.001"
bind/10/bone = -1
bind/10/pose = Transform( 1, 3.62072e-06, -0.000175076, 2.27374e-13, -0.999786, -0.0206765, -0.000175113, 0.0206765, -0.999786, -0.233078, 0.884688, -0.0724772 )
bind/11/name = "DEF-shin.L"
bind/11/bone = -1
bind/11/pose = Transform( 1, -1.56893e-08, 2.41095e-07, 8.43769e-13, -0.99789, -0.064934, 2.41621e-07, 0.064934, -0.99789, -0.233065, 0.568414, -0.0977875 )
bind/12/name = "DEF-shin.L.001"
bind/12/bone = -1
bind/12/pose = Transform( 1, -9.113e-08, 2.56211e-07, -7.42991e-08, -0.99789, -0.064934, 2.61603e-07, 0.064934, -0.99789, -0.233065, 0.367862, -0.0977875 )
bind/13/name = "DEF-foot.L"
bind/13/bone = -1
bind/13/pose = Transform( 1, 1.0381e-06, 5.86071e-07, -1.27329e-11, -0.491625, 0.870807, 1.19212e-06, -0.870807, -0.491625, -0.233065, 0.160716, 0.108285 )
bind/14/name = "DEF-toe.L"
bind/14/bone = -1
bind/14/pose = Transform( -1, -8.74384e-08, 6.20551e-14, -1.50583e-11, -5.96046e-08, 1, -8.74393e-08, 1, -5.96046e-08, 0.233065, -0.179575, -0.0229683 )
bind/15/name = "DEF-thigh.R"
bind/15/bone = -1
bind/15/pose = Transform( 1, 3.62078e-06, -0.000175078, 0, -0.999786, -0.0206765, -0.000175116, 0.0206765, -0.999786, 0.233053, 1.19719, -0.0725588 )
bind/16/name = "DEF-thigh.R.001"
bind/16/bone = -1
bind/16/pose = Transform( 1, 3.57062e-06, -0.000174959, -4.7683e-08, -0.999786, -0.0206765, -0.000174996, 0.0206765, -0.999786, 0.233053, 0.884688, -0.0725588 )
bind/17/name = "DEF-shin.R"
bind/17/bone = -1
bind/17/pose = Transform( 1, 1.52991e-08, -2.35113e-07, 6.98108e-13, -0.99789, -0.064934, -2.35613e-07, 0.064934, -0.99789, 0.233065, 0.568414, -0.0977875 )
bind/18/name = "DEF-shin.R.001"
bind/18/bone = -1
bind/18/pose = Transform( 1, 7.09896e-09, -1.09095e-07, 6.98996e-13, -0.99789, -0.064934, -1.09328e-07, 0.064934, -0.99789, 0.233065, 0.367862, -0.0977875 )
bind/19/name = "DEF-foot.R"
bind/19/bone = -1
bind/19/pose = Transform( 1, -1.0381e-06, -5.86072e-07, 2.44427e-12, -0.491625, 0.870807, -1.19211e-06, -0.870807, -0.491625, 0.233065, 0.160716, 0.108285 )
bind/20/name = "DEF-toe.R"
bind/20/bone = -1
bind/20/pose = Transform( -1, 8.7441e-08, -1.75742e-13, 2.43906e-12, -5.96046e-08, 1, 8.74405e-08, 1, -5.96046e-08, -0.233065, -0.179575, -0.0229683 )
bind/21/name = "DEF-shoulder.L"
bind/21/bone = -1
bind/21/pose = Transform( 0, -6.27905e-08, 1, 1, 0, 0, 0, 1, 6.27905e-08, 0.0659607, -0.0591764, -2.07452 )
bind/22/name = "DEF-upper_arm.L"
bind/22/bone = -1
bind/22/pose = Transform( -0.00172899, 0.00601467, 0.99998, 0.99998, -0.0060048, 0.00176513, 0.0060153, 0.999964, -0.00600417, 0.0522037, -0.267229, -1.99056 )
bind/23/name = "DEF-upper_arm.L.001"
bind/23/bone = -1
bind/23/pose = Transform( -0.00172906, 0.00601471, 0.99998, 0.99998, -0.00600483, 0.0017652, 0.00601533, 0.999964, -0.00600421, 0.0522037, -0.522868, -1.99056 )
bind/24/name = "DEF-forearm.L"
bind/24/bone = -1
bind/24/pose = Transform( -0.00207889, 0.00601664, 0.99998, 0.999993, 0.00317624, 0.00205984, -0.00316379, 0.999977, -0.0060232, 0.0524763, -0.796725, -1.98333 )
bind/25/name = "DEF-forearm.L.001"
bind/25/bone = -1
bind/25/pose = Transform( -0.00207887, 0.00601652, 0.99998, 0.999993, 0.00317628, 0.00205982, -0.00316383, 0.999977, -0.00602308, 0.0524766, -1.04856, -1.98333 )
bind/26/name = "DEF-hand.L"
bind/26/bone = -1
bind/26/pose = Transform( 0.0123977, 0.00602854, 0.999905, 0.999921, 0.00189404, -0.0124093, -0.00196868, 0.99998, -0.00600458, 0.0337122, -1.29865, -1.98488 )
bind/27/name = "DEF-shoulder.R"
bind/27/bone = -1
bind/27/pose = Transform( 0, 7.22513e-08, -1, -1, 0, 0, 0, 1, 7.22513e-08, -0.0659607, -0.0591764, -2.07452 )
bind/28/name = "DEF-upper_arm.R"
bind/28/bone = -1
bind/28/pose = Transform( -0.00172902, -0.00601466, -0.99998, -0.99998, -0.0060048, 0.00176513, -0.0060153, 0.999964, -0.00600416, -0.0522037, -0.267229, -1.99056 )
bind/29/name = "DEF-upper_arm.R.001"
bind/29/bone = -1
bind/29/pose = Transform( -0.00172903, -0.00601469, -0.99998, -0.99998, -0.00600483, 0.00176514, -0.00601533, 0.999964, -0.00600419, -0.0522037, -0.522868, -1.99056 )
bind/30/name = "DEF-forearm.R"
bind/30/bone = -1
bind/30/pose = Transform( -0.00207889, -0.00601664, -0.99998, -0.999993, 0.00317624, 0.00205981, 0.00316379, 0.999977, -0.0060232, -0.0524763, -0.796725, -1.98333 )
bind/31/name = "DEF-forearm.R.001"
bind/31/bone = -1
bind/31/pose = Transform( -0.00207888, -0.00601651, -0.99998, -0.999993, 0.00317628, 0.00205979, 0.00316383, 0.999977, -0.00602307, -0.0524766, -1.04856, -1.98333 )
bind/32/name = "DEF-hand.R"
bind/32/bone = -1
bind/32/pose = Transform( 0.0123977, -0.00602854, -0.999905, -0.999921, 0.00189404, -0.0124094, 0.00196868, 0.99998, -0.00600458, -0.0337121, -1.29865, -1.98488 )
